0.468622 1.86391 0.860961 1.20986 0.860232 1.20975 0.05125 1.05
0.741883 1.99536 0.533126 1.01541 0.536937 1.01781 0.921969 1.25975
0.638534 1.91439 -0.0125893 1.87465 -0.00668632 1.86674 0.589077 1.06781
1.06066 2.15507 1.1772 2.49369 1.16652 2.48804 0.0879005 1.91674
1.61295 2.19641 0.930381 3.326 0.933932 3.31827 1.29218 2.53804
1.33073 2.56576 1.21739 3.11993 1.21625 3.12237 1.1011 3.36827
1.21055 2.76579 1.75842 1.94752 1.75464 1.95953 1.37362 3.17237
1.50292 2.9602 0.893173 4.72195 0.902606 4.69535 1.85387 2.00953
2.02037 3.44084 2.35688 3.09436 2.34492 3.11056 1.13862 4.74535
2.05014 3.47986 0.734351 4.76262 0.751687 4.74691 2.5017 3.16056
2.52872 3.31853 2.40012 2.02199 2.38628 2.0492 0.990282 4.79691
3.13575 3.53526 3.01804 2.99363 3.01287 2.98486 2.48999 2.0992
3.16425 3.44524 4.0745 2.83648 4.06556 2.83843 3.16336 3.03486
3.29729 3.74377 1.95391 3.0468 1.97602 3.04524 4.20874 2.88843
3.68432 4.07034 2.44628 4.5635 2.44318 4.5491 2.12953 3.09524
3.59258 3.66027 4.08058 4.21902 4.06676 4.22275 2.67189 4.5991
3.64325 3.91075 2.96958 3.87253 2.98242 3.87645 4.27915 4.27275
4.17598 3.79126 4.03137 3.81812 4.023 3.81918 3.17749 3.92645
4.77973 3.51197 4.81027 3.73892 4.80443 3.7402 4.21521 3.86918
4.78052 3.66891 4.22858 4.87291 4.23607 4.86229 4.99269 3.7902
4.58999 3.47648 4.63627 5.00168 4.63474 5.0008 4.48044 4.91229
4.53366 3.07692 3.55887 3.50071 3.57187 3.5159 4.88603 5.0508
4.67964 3.51563 5.81402 3.13841 5.79377 3.14261 3.74892 3.5659
5.43734 3.38521 4.95499 2.82143 4.96477 2.82507 5.95215 3.19261
6.04354 3.51095 6.64571 4.45217 6.63063 4.43672 5.10727 2.87507
6.63356 3.32006 6.57073 1.30597 6.57349 1.33715 6.85372 4.48672
7.00995 2.93221 6.92731 2.13573 6.92452 2.1284 6.64159 1.38715
6.79494 2.74803 6.40276 2.26234 6.40894 2.26152 7.03219 2.1784
6.3399 3.01761 6.80065 4.21019 6.79794 4.19157 6.52326 2.31152
6.58551 2.90583 6.97633 5.83873 6.97665 5.82307 7.00877 4.24157
6.86962 3.31054 6.53622 2.70224 6.54339 2.73333 7.26906 5.87307
6.28232 3.28472 7.31547 2.86897 7.30926 2.86813 6.68131 2.78333
6.9866 3.66487 8.10636 4.23958 8.09997 4.22663 7.45391 2.91813
7.08598 3.80764 6.04599 3.8129 6.06821 3.81744 8.31255 4.27663
7.00323 4.38492 5.4654 3.31362 5.47319 3.31905 6.26034 3.86744
7.60687 4.8044 8.53804 4.13855 8.50963 4.13102 5.64039 3.36905
7.82174 4.69949 6.92121 3.7898 6.93882 3.79363 8.71743 4.18102
8.21045 4.63038 9.7146 4.90435 9.68926 4.89397 7.12975 3.84363
8.81934 4.47617 8.74772 4.39087 8.75936 4.39629 9.93521 4.94397
9.22445 4.51566 8.0882 5.27239 8.09696 5.26428 8.98043 4.44629
9.4551 4.88399 8.27513 4.83687 8.27597 4.84155 8.36142 5.31428
10.0384 4.6786 10.2492 5.54595 10.2322 5.53954 8.5193 4.89155
9.62993 4.81305 9.24469 3.57847 9.25709 3.59819 10.5104 5.58954
9.63736 4.87803 7.72516 4.55061 7.74196 4.54176 9.43825 3.64819
9.85202 5.0134 10.2424 3.91801 10.2201 3.92462 7.9703 4.59176
9.81658 5.25974 10.1534 5.12738 10.156 5.11607 10.4176 3.97462
10.0598 5.63258 10.7134 3.91914 10.7105 3.93136 10.4131 5.16607
10.8281 5.25467 10.7568 3.82379 10.7583 3.82533 10.9083 3.98136
10.4109 5.55147 8.6892 5.95261 8.71138 5.93224 10.9508 3.87533
10.8735 5.10721 8.41826 6.64573 8.42406 6.63922 9.00924 5.98224
10.7423 5.35261 11.831 4.53959 11.8009 4.56068 8.75727 6.68922
10.8988 5.55873 11.3223 5.96075 11.3292 5.94751 12.0301 4.61068
11.8038 5.96501 13.2463 6.06507 13.2305 6.06442 11.6279 5.99751
12.103 5.93136 13.2865 7.01096 13.289 7.00216 13.5349 6.11442
12.8518 6.09238 12.7355 4.03305 12.7443 4.06265 13.6403 7.05216
12.6748 6.14827 11.4061 6.80286 11.4213 6.77647 12.9487 4.11265
13.4614 5.8895 13.62 6.94722 13.6017 6.94605 11.7613 6.82647
13.567 6.15976 11.66 5.98079 11.6824 5.99074 13.9503 6.99605
13.8665 6.4478 14.5892 7.21344 14.5637 7.20196 11.9832 6.04074
14.1423 7.20414 14.3942 8.57328 14.3995 8.56032 14.925 7.25196
14.7011 7.41957 16.4878 6.75524 16.4715 6.77344 14.8287 8.61032
15.4062 7.58354 16.6758 7.73692 16.6771 7.72796 16.8115 6.82344
15.4218 7.28476 16.1528 6.9443 16.1617 6.95247 17.0648 7.77796
15.9825 7.42537 13.3708 7.39139 13.4016 7.38756 16.5106 7.00247
16.719 7.81958 16.1469 7.33933 16.1236 7.3403 13.7722 7.43756
17.2443 7.5477 16.4877 9.44861 16.4878 9.42843 16.4919 7.3903
17.5738 7.62443 17.4109 7.63939 17.4064 7.65742 16.9605 9.47843
17.4369 7.40632 16.9534 6.7367 16.9616 6.74622 17.7906 7.70742
18.4513 7.15315 18.3394 8.53358 18.3292 8.51655 17.3002 6.79622
18.4561 7.50397 18.393 6.52933 18.3966 6.54931 18.7563 8.56655
18.3545 7.15881 17.9087 5.00556 17.9167 5.02119 18.7253 6.59931
18.7556 6.93285 19.5743 6.28499 19.5606 6.2731 18.169 5.07119
18.5245 7.57542 18.9977 8.19034 19.0063 8.17203 19.8755 6.3231
18.8665 7.60587 17.194 7.22546 17.2158 7.23522 19.4161 8.22203
19.1524 8.00296 20.0338 10.063 20.0098 10.0358 17.5788 7.28522
19.6231 7.32927 21.6281 9.09174 21.6172 9.10149 20.5128 10.0858
20.3534 7.7059 20.15 9.31746 20.1688 9.31582 22.0735 9.15149
21.0253 7.93807 19.4244 9.9421 19.4362 9.93644 20.6359 9.36582
21.4983 8.04592 20.8021 5.93239 20.7936 5.97215 19.9343 9.98644
22.0441 7.63976 22.724 8.62915 22.7081 8.60359 21.0935 6.02215
22.7798 7.97266 22.586 8.19296 22.5914 8.19748 23.1395 8.65359
23.115 8.00642 23.2099 8.8111 23.2079 8.80558 23.0026 8.24748
23.8536 8.15706 23.7915 6.83339 23.7901 6.85321 23.6494 8.85558
23.7811 8.83319 23.91 9.92497 23.9122 9.89534 24.134 6.90321
23.7983 8.62603 24.802 10.4132 24.7981 10.4086 24.4082 9.94534
24.0498 8.77138 25.5987 9.37966 25.596 9.39024 25.3198 10.4586
25.2481 9.02139 24.6542 9.58953 24.668 9.58806 26.0667 9.44024
25.1486 9.66454 26.6692 8.91645 26.6543 8.92353 25.1487 9.63806
25.5618 10.3718 23.5333 10.3165 23.5683 10.3033 27.1017 8.97353
25.7711 10.6856 25.5572 10.8686 25.5428 10.8635 24.0848 10.3533
25.8262 10.3611 24.2208 10.0152 24.2391 10.024 26.0872 10.9135
26.9827 9.69553 26.2355 11.1411 26.2209 11.1306 24.7416 10.074
26.8549 10.1181 27.1266 10.1909 27.1232 10.2006 26.7787 11.1806
26.5635 10.6412 26.3273 8.83989 26.3401 8.85371 27.6345 10.2506
26.9191 10.4288 26.7897 11.5585 26.7897 11.5325 26.784 8.90371
27.4056 10.8377 27.9362 11.5815 27.9306 11.5815 27.3675 11.5825
27.9543 11.3594 28.0116 11.2835 28.0165 11.2869 28.511 11.6315
28.956 11.7172 30.2653 11.8995 30.2488 11.894 28.5821 11.3369
29.6248 11.7455 29.6799 11.2286 29.6913 11.2356 30.8447 11.944
30.1281 11.899 30.6416 14.2965 30.6378 14.267 30.2543 11.2856
